668 672
515 519
447 449
390 391
395 397
519,7 521,2
516 519
516,1 519
516,1 517,51
517,79 518,8
382 384
880 881
776 778
457 473
383 389
424 430
380 385
551 553
776 777
669 671
515,82 516,1
515,815902471882 0
387,834342929115 0
515,815902471882 892,717492473646
522,02325784308 562,110111731036
526,812627340947 564,060556062439
507,900501995893 517,227587335632
360,963018636667 364,183768088535
369,157123461583 374,125385454856
391,037069941477 398,017174109393
429,006313452564 432,179787760866
441,110598348915 449,448204443025
456,048957654263 459,202109140435
503,086522767204 505,919022407866
517,227587335632 519,203035815485
524,277866040482 528,220060658441
544,225729017187 562,110111731036
591,247313669012 630,233694919654
642,213279938542 650,082270505357
382,005590889102 384,046474943378
516,098282736051 517,227587335632
420,050393273164 425,252842849144
605,030695608475 608,054973757626
588,206967010077 590,142065026347
765,183317565087 770,102830468259
427,274345446371 429,583482267477
714,101273049684 715,159743883098
634,867914372512 635,684968916248
668,180218815876 672,216113087172
447,149830227986 449,160976883242
375,001605940568 390,16381705721
491,166881782145 517,227587335632
526,249500404661 563,224789077841
